Generation[0]: 1.190202
Generation[1]: 1.159371
Generation[2]: 1.116828
Generation[3]: 1.079453
Generation[4]: 1.017900
Generation[5]: 0.935564
Generation[6]: 0.903090
Generation[7]: 0.839973
Generation[8]: 0.837882
Generation[9]: 0.787553
Generation[10]: 0.778945
Generation[11]: 0.761238
Generation[12]: 0.735608
Generation[13]: 0.725474
Generation[14]: 0.696432
Generation[15]: 0.723827
Generation[16]: 0.721698
Generation[17]: 0.746964
Generation[18]: 0.746032
Generation[19]: 0.737999
Generation[20]: 0.700846
Generation[21]: 0.641492
Generation[22]: 0.634248
Generation[23]: 0.634881
Generation[24]: 0.582581
Generation[25]: 0.582978
Generation[26]: 0.576789
Generation[27]: 0.578826
Generation[28]: 0.579393
Generation[29]: 0.584184
Generation[30]: 0.582727
Generation[31]: 0.579888
Generation[32]: 0.583688
Generation[33]: 0.580208
Generation[34]: 0.579911
Generation[35]: 0.581192
Generation[36]: 0.585376
Generation[37]: 0.584757
Generation[38]: 0.586016
Generation[39]: 0.586337
Generation[40]: 0.582558
Generation[41]: 0.581298
Generation[42]: 0.580039
Generation[43]: 0.580039
Generation[44]: 0.580039
Generation[45]: 0.580039
Generation[46]: 0.580039
Generation[47]: 0.580039
Generation[48]: 0.580039
Generation[49]: 0.580039
Generation[50]: 0.580039
Generation[51]: 0.580039
Generation[52]: 0.580039
Generation[53]: 0.580039
Generation[54]: 0.580039
Generation[55]: 0.548526
Generation[56]: 0.548526
Generation[57]: 0.548526
Generation[58]: 0.548526
